Automatically generated mesh
     126
Reciprocal lattice
    0.00000000000000    0.00000000000000    0.00000000000000             1
    0.09090909090909   -0.00000000000000    0.00000000000000             8
    0.18181818181818   -0.00000000000000    0.00000000000000             8
    0.27272727272727   -0.00000000000000    0.00000000000000             8
    0.36363636363636   -0.00000000000000    0.00000000000000             8
    0.45454545454545   -0.00000000000000   -0.00000000000000             8
    0.09090909090909    0.09090909090909    0.00000000000000             8
    0.18181818181818    0.09090909090909   -0.00000000000000            16
    0.27272727272727    0.09090909090909    0.00000000000000            16
    0.36363636363636    0.09090909090909    0.00000000000000            16
    0.45454545454545    0.09090909090909   -0.00000000000000            16
   -0.45454545454546    0.09090909090909   -0.00000000000000            16
   -0.36363636363636    0.09090909090909    0.00000000000000            16
   -0.27272727272727    0.09090909090909    0.00000000000000            16
   -0.18181818181818    0.09090909090909    0.00000000000000            16
   -0.09090909090909    0.09090909090909    0.00000000000000             4
    0.18181818181818    0.18181818181818    0.00000000000000             8
    0.27272727272727    0.18181818181818    0.00000000000000            16
    0.36363636363636    0.18181818181818   -0.00000000000000            16
    0.45454545454545    0.18181818181818   -0.00000000000000            16
   -0.45454545454546    0.18181818181818   -0.00000000000000            16
   -0.36363636363636    0.18181818181818    0.00000000000000            16
   -0.27272727272727    0.18181818181818   -0.00000000000000            16
   -0.18181818181818    0.18181818181818    0.00000000000000             4
    0.27272727272727    0.27272727272727   -0.00000000000000             8
    0.36363636363636    0.27272727272727   -0.00000000000000            16
    0.45454545454545    0.27272727272727    0.00000000000000            16
   -0.45454545454545    0.27272727272727    0.00000000000000            16
   -0.36363636363636    0.27272727272727   -0.00000000000000            16
   -0.27272727272727    0.27272727272727   -0.00000000000000             4
    0.36363636363636    0.36363636363636    0.00000000000000             8
    0.45454545454545    0.36363636363636   -0.00000000000000            16
   -0.45454545454546    0.36363636363636   -0.00000000000000            16
   -0.36363636363636    0.36363636363636    0.00000000000000             4
    0.45454545454545    0.45454545454545   -0.00000000000000             8
   -0.45454545454546    0.45454545454545   -0.00000000000000             4
    0.09090909090909    0.09090909090909    0.09090909090909             8
    0.18181818181818    0.09090909090909    0.09090909090909            16
    0.27272727272727    0.09090909090909    0.09090909090909            16
    0.36363636363636    0.09090909090909    0.09090909090909            16
   -0.09090909090909    0.09090909090909    0.09090909090909             4
    0.18181818181818    0.18181818181818    0.09090909090909             8
    0.27272727272727    0.18181818181818    0.09090909090909            16
    0.36363636363636    0.18181818181818    0.09090909090909            16
    0.45454545454545    0.18181818181818    0.09090909090909            16
   -0.45454545454546    0.18181818181818    0.09090909090909            16
   -0.36363636363636    0.18181818181818    0.09090909090909             8
   -0.18181818181818    0.18181818181818    0.09090909090909             8
   -0.09090909090909    0.18181818181818    0.09090909090909             8
    0.27272727272727    0.27272727272727    0.09090909090909             8
    0.36363636363636    0.27272727272727    0.09090909090909            16
    0.45454545454545    0.27272727272727    0.09090909090909            16
   -0.45454545454545    0.27272727272727    0.09090909090909             8
   -0.27272727272727    0.27272727272727    0.09090909090909             8
   -0.18181818181818    0.27272727272727    0.09090909090909            16
   -0.09090909090909    0.27272727272727    0.09090909090909             8
    0.36363636363636    0.36363636363636    0.09090909090909             8
    0.45454545454545    0.36363636363636    0.09090909090909             8
   -0.36363636363636    0.36363636363636    0.09090909090909             8
   -0.27272727272727    0.36363636363636    0.09090909090909            16
   -0.18181818181818    0.36363636363636    0.09090909090909            16
   -0.09090909090909    0.36363636363636    0.09090909090909             8
   -0.45454545454545    0.45454545454545    0.09090909090909             8
   -0.36363636363636    0.45454545454545    0.09090909090909            16
   -0.27272727272727    0.45454545454545    0.09090909090909            16
   -0.18181818181818    0.45454545454545    0.09090909090909            16
   -0.09090909090909    0.45454545454545    0.09090909090909             8
   -0.45454545454545   -0.45454545454545    0.09090909090909             8
   -0.36363636363636   -0.45454545454545    0.09090909090909            16
   -0.27272727272727   -0.45454545454545    0.09090909090909            16
   -0.18181818181818   -0.45454545454545    0.09090909090909            16
   -0.09090909090909   -0.45454545454545    0.09090909090909             8
   -0.36363636363636   -0.36363636363636    0.09090909090909             8
   -0.27272727272727   -0.36363636363636    0.09090909090909            16
   -0.18181818181818   -0.36363636363636    0.09090909090909            16
   -0.09090909090909   -0.36363636363636    0.09090909090909             8
   -0.27272727272727   -0.27272727272727    0.09090909090909             8
   -0.18181818181818   -0.27272727272727    0.09090909090909            16
   -0.09090909090909   -0.27272727272727    0.09090909090909             8
   -0.18181818181818   -0.18181818181818    0.09090909090909             8
   -0.09090909090909   -0.18181818181818    0.09090909090909             8
   -0.09090909090909   -0.09090909090909    0.09090909090909             2
    0.18181818181818    0.18181818181818    0.18181818181818             8
    0.27272727272727    0.18181818181818    0.18181818181818            16
   -0.18181818181818    0.18181818181818    0.18181818181818             4
    0.27272727272727    0.27272727272727    0.18181818181818             8
    0.36363636363636    0.27272727272727    0.18181818181818             8
   -0.27272727272727    0.27272727272727    0.18181818181818             8
   -0.18181818181818    0.27272727272727    0.18181818181818             8
   -0.36363636363636    0.36363636363636    0.18181818181818             8
   -0.27272727272727    0.36363636363636    0.18181818181818            16
   -0.18181818181818    0.36363636363636    0.18181818181818             8
   -0.45454545454546    0.45454545454545    0.18181818181818             8
   -0.36363636363636    0.45454545454545    0.18181818181818            16
   -0.27272727272727    0.45454545454545    0.18181818181818            16
   -0.18181818181818    0.45454545454545    0.18181818181818             8
   -0.45454545454545   -0.45454545454545    0.18181818181818             8
   -0.36363636363636   -0.45454545454545    0.18181818181818            16
   -0.27272727272727   -0.45454545454545    0.18181818181818            16
   -0.18181818181818   -0.45454545454545    0.18181818181818             8
   -0.36363636363636   -0.36363636363636    0.18181818181818             8
   -0.27272727272727   -0.36363636363636    0.18181818181818            16
   -0.18181818181818   -0.36363636363636    0.18181818181818             8
   -0.27272727272727   -0.27272727272727    0.18181818181818             8
   -0.18181818181818   -0.27272727272727    0.18181818181818             8
   -0.18181818181818   -0.18181818181818    0.18181818181818             2
   -0.27272727272727    0.27272727272727    0.27272727272727             4
   -0.36363636363636    0.36363636363636    0.27272727272727             8
   -0.27272727272727    0.36363636363636    0.27272727272727             8
   -0.45454545454546    0.45454545454545    0.27272727272727             8
   -0.36363636363636    0.45454545454545    0.27272727272727            16
   -0.27272727272727    0.45454545454545    0.27272727272727             8
   -0.45454545454545   -0.45454545454545    0.27272727272727             8
   -0.36363636363636   -0.45454545454545    0.27272727272727            16
   -0.27272727272727   -0.45454545454545    0.27272727272727             8
   -0.36363636363636   -0.36363636363636    0.27272727272727             8
   -0.27272727272727   -0.36363636363636    0.27272727272727             8
   -0.27272727272727   -0.27272727272727    0.27272727272727             2
   -0.36363636363636    0.36363636363636    0.36363636363636             4
   -0.45454545454546    0.45454545454545    0.36363636363636             8
   -0.36363636363636    0.45454545454545    0.36363636363636             8
   -0.45454545454545   -0.45454545454545    0.36363636363636             8
   -0.36363636363636   -0.45454545454545    0.36363636363636             8
   -0.36363636363636   -0.36363636363636    0.36363636363636             2
   -0.45454545454546    0.45454545454545    0.45454545454545             4
   -0.45454545454545   -0.45454545454545    0.45454545454545             2
