Automatically generated mesh
      11
Reciprocal lattice
    0.12500000000000    0.12500000000000    0.12500000000000           128
    0.37500000000000    0.12500000000000    0.12500000000000           128
   -0.12500000000000    0.12500000000000    0.12500000000000            64
    0.37500000000000    0.37500000000000    0.12500000000000            64
   -0.37500000000000    0.37500000000000    0.12500000000000           128
   -0.12500000000000    0.37500000000000    0.12500000000000           128
   -0.37500000000000   -0.37500000000000    0.12500000000000           128
   -0.12500000000000   -0.37500000000000    0.12500000000000           128
   -0.12500000000000   -0.12500000000000    0.12500000000000            32
   -0.37500000000000    0.37500000000000    0.37500000000000            64
   -0.37500000000000   -0.37500000000000    0.37500000000000            32
